<INFO-keyframe_extraction> - Đọc shot boundary thành công D:/Keyframe-Extraction-for-video-summarization/src/data/shots_boundary/L21_V005.txt
<INFO-keyframe_extraction> - Đọc features thành công D:/Keyframe-Extraction-for-video-summarization/src/data/embeddings/L21_V005_features.pkl
<INFO-keyframe_extraction> - Số lượng features 28294
<INFO-keyframe_extraction> -  ####################################################################################################
            Extract Keyframe On Shot 1 ||| start: 598, end: 604
        
<INFO-kmeans_improvement> - Khởi tạo biến ban đầu thành công
<DEBUG-kmeans_improvement> - k: 2
<DEBUG-init_center> - 🔹 In the process of initialising the center
<INFO-init_center> - Khởi tạo cụm và tâm cụm ban đầu thành công
<DEBUG-init_center> - Các cụm ban đầu [0 0 0 0 0 1]
<DEBUG-init_center> - Các tâm ban đầu [[ 0.00731885 -0.08939233  0.01599574 ... -0.00760633 -0.00283618
   0.00304835]
 [ 0.01481189 -0.0121886   0.00428809 ... -0.02959662  0.00609917
   0.0086421 ]]
<INFO-kmeans_improvement> - Cập nhật cụm và tâm cụm tốt nhất thành công
<DEBUG-kmeans_improvement> - best_clusters: [0 0 0 0 0 1]
<DEBUG-kmeans_improvement> - best_centers: [[ 0.00731885 -0.08939233  0.01599574 ... -0.00760633 -0.00283618
   0.00304835]
 [ 0.01481189 -0.0121886   0.00428809 ... -0.02959662  0.00609917
   0.0086421 ]] (len=2)
<DEBUG-kmeans_improvement> - best_center_index: [np.int64(2), np.int64(5)]
<INFO-kmeans_improvement> - Phân cụm và tâm cụm tốt nhất thành công
<DEBUG-kmeans_improvement> - best_k: 2
<DEBUG-kmeans_improvement> - best_clusters: [0 0 0 0 0 1]
<DEBUG-kmeans_improvement> - best_centers: [[ 0.00731885 -0.08939233  0.01599574 ... -0.00760633 -0.00283618
   0.00304835]
 [ 0.01481189 -0.0121886   0.00428809 ... -0.02959662  0.00609917
   0.0086421 ]] (len=2)
<DEBUG-kmeans_improvement> - best_center_index: [np.int64(2), np.int64(5)]
<DEBUG-keyframe_extraction> - indices: [np.int64(2), np.int64(5)]
<DEBUG-keyframe_extraction> - clustering: []
<DEBUG-keyframe_extraction> - segment start-end: 598, 604
<DEBUG-keyframe_extraction> - filtered indices: [np.int64(600), np.int64(603)]
<INFO-keyframe_extraction> -  ####################################################################################################
            Extract Keyframe On Shot 2 ||| start: 605, end: 646
        
<INFO-kmeans_improvement> - Khởi tạo biến ban đầu thành công
<DEBUG-kmeans_improvement> - k: 6
<DEBUG-init_center> - 🔹 In the process of initialising the center
<INFO-init_center> - Khởi tạo cụm và tâm cụm ban đầu thành công
<DEBUG-init_center> - Các cụm ban đầu [2 2 2 2 2 2 0 3 3 3 3 3 0 5 5 0 0 0 0 0 0 0 0 4 4 4 4 4 1 5 5 5 5 1 1 1 1
 1 1 1 1]
<DEBUG-init_center> - Các tâm ban đầu [[-0.0026475  -0.0666731  -0.00549847 ... -0.0263394   0.01210354
   0.02105064]
 [-0.00682721 -0.05682098  0.01061265 ... -0.01683633  0.01982512
   0.00459318]
 [-0.00432776 -0.10380885  0.0092376  ... -0.02294148  0.0034443
   0.02384205]
 [-0.00823742 -0.05158486  0.00662617 ... -0.025994   -0.01191447
   0.00422293]
 [-0.01341909 -0.06735525 -0.00204636 ... -0.01686939  0.020773
   0.01259127]
 [-0.00719542 -0.07657559  0.00918098 ... -0.0191018   0.02179607
   0.0022148 ]]
<INFO-kmeans_improvement> - Cập nhật cụm và tâm cụm tốt nhất thành công
<DEBUG-kmeans_improvement> - best_clusters: [2 2 2 2 2 2 0 3 3 3 3 3 0 5 5 0 0 0 0 0 0 0 0 4 4 4 4 4 1 5 5 5 5 1 1 1 1
 1 1 1 1]
<DEBUG-kmeans_improvement> - best_centers: [[-0.0026475  -0.0666731  -0.00549847 ... -0.0263394   0.01210354
   0.02105064]
 [-0.00682721 -0.05682098  0.01061265 ... -0.01683633  0.01982512
   0.00459318]
 [-0.00432776 -0.10380885  0.0092376  ... -0.02294148  0.0034443
   0.02384205]
 [-0.00823742 -0.05158486  0.00662617 ... -0.025994   -0.01191447
   0.00422293]
 [-0.01341909 -0.06735525 -0.00204636 ... -0.01686939  0.020773
   0.01259127]
 [-0.00719542 -0.07657559  0.00918098 ... -0.0191018   0.02179607
   0.0022148 ]] (len=6)
<DEBUG-kmeans_improvement> - best_center_index: [np.int64(15), np.int64(35), np.int64(3), np.int64(7), np.int64(26), np.int64(31)]
<INFO-kmeans_improvement> - --------------------------------------------------
<DEBUG-kmeans_improvement> - distances: [[0.         0.36285138 0.45211979 0.42768245 0.36297543 0.39675309]
 [0.36285138 0.         0.53701501 0.52644519 0.33040852 0.26892701]
 [0.45211979 0.53701501 0.         0.5318531  0.55147575 0.56750426]
 [0.42768245 0.52644519 0.5318531  0.         0.5938002  0.48618286]
 [0.36297543 0.33040852 0.55147575 0.5938002  0.         0.44910246]
 [0.39675309 0.26892701 0.56750426 0.48618286 0.44910246 0.        ]]
<DEBUG-kmeans_improvement> - avg_silhouette: 0.2168814241886139
<DEBUG-kmeans_improvement> - best_avg_silhouette: -1
<INFO-kmeans_improvement> - Cập nhật cụm và tâm cụm tốt nhất thành công
<DEBUG-kmeans_improvement> - best_clusters: [2 2 2 2 2 2 0 3 3 3 3 3 0 1 1 0 0 0 0 0 0 0 0 4 4 4 4 4 1 1 1 1 1 1 1 1 1
 1 1 1 1]
<DEBUG-kmeans_improvement> - best_centers: [array([-0.0026475 , -0.0666731 , -0.00549847, ..., -0.0263394 ,
        0.01210354,  0.02105064], shape=(1024,), dtype=float32), array([-0.00682721, -0.05682098,  0.01061265, ..., -0.01683633,
        0.01982512,  0.00459318], shape=(1024,), dtype=float32), array([-0.00432776, -0.10380885,  0.0092376 , ..., -0.02294148,
        0.0034443 ,  0.02384205], shape=(1024,), dtype=float32), array([-0.00279814, -0.05459491,  0.0049556 , ..., -0.03352772,
       -0.01450016,  0.00562538], shape=(1024,), dtype=float32), array([-0.01341909, -0.06735525, -0.00204636, ..., -0.01686939,
        0.020773  ,  0.01259127], shape=(1024,), dtype=float32)] (len=5)
<DEBUG-kmeans_improvement> - best_center_index: [np.int64(15), np.int64(35), np.int64(3), np.int64(9), np.int64(26)]
<INFO-kmeans_improvement> - --------------------------------------------------
<INFO-kmeans_improvement> - --------------------------------------------------
<DEBUG-kmeans_improvement> - distances: [[0.         0.36285138 0.45211979 0.38998196 0.36297543]
 [0.36285138 0.         0.53701501 0.51107413 0.33040852]
 [0.45211979 0.53701501 0.         0.51228305 0.55147575]
 [0.38998196 0.51107413 0.51228305 0.         0.56594523]
 [0.36297543 0.33040852 0.55147575 0.56594523 0.        ]]
<DEBUG-kmeans_improvement> - avg_silhouette: 0.22927206754684448
<DEBUG-kmeans_improvement> - best_avg_silhouette: 0.2168814241886139
<INFO-kmeans_improvement> - Cập nhật cụm và tâm cụm tốt nhất thành công
<DEBUG-kmeans_improvement> - best_clusters: [2 2 2 2 2 2 0 3 3 3 3 3 0 1 1 0 0 0 0 0 0 0 0 1 1 1 1 1 1 1 1 1 1 1 1 1 1
 1 1 1 1]
<DEBUG-kmeans_improvement> - best_centers: [array([-0.0026475 , -0.0666731 , -0.00549847, ..., -0.0263394 ,
        0.01210354,  0.02105064], shape=(1024,), dtype=float32), array([-0.00682721, -0.05682098,  0.01061265, ..., -0.01683633,
        0.01982512,  0.00459318], shape=(1024,), dtype=float32), array([-0.00432776, -0.10380885,  0.0092376 , ..., -0.02294148,
        0.0034443 ,  0.02384205], shape=(1024,), dtype=float32), array([-0.00279814, -0.05459491,  0.0049556 , ..., -0.03352772,
       -0.01450016,  0.00562538], shape=(1024,), dtype=float32)] (len=4)
<DEBUG-kmeans_improvement> - best_center_index: [np.int64(15), np.int64(35), np.int64(3), np.int64(9)]
<INFO-kmeans_improvement> - --------------------------------------------------
<INFO-kmeans_improvement> - --------------------------------------------------
<DEBUG-kmeans_improvement> - distances: [[0.         0.36285138 0.45211979 0.38998196]
 [0.36285138 0.         0.53701501 0.51107413]
 [0.45211979 0.53701501 0.         0.51228305]
 [0.38998196 0.51107413 0.51228305 0.        ]]
<DEBUG-kmeans_improvement> - avg_silhouette: 0.2466280609369278
<DEBUG-kmeans_improvement> - best_avg_silhouette: 0.22927206754684448
<INFO-kmeans_improvement> - Cập nhật cụm và tâm cụm tốt nhất thành công
<DEBUG-kmeans_improvement> - best_clusters: [1 1 1 1 1 1 0 2 2 2 2 2 0 0 0 0 0 0 0 0 0 0 0 0 0 0 0 0 0 0 0 0 0 0 0 0 0
 0 0 0 0]
<DEBUG-kmeans_improvement> - best_centers: [array([-0.00682721, -0.05682098,  0.01061265, ..., -0.01683633,
        0.01982512,  0.00459318], shape=(1024,), dtype=float32), array([-0.00432776, -0.10380885,  0.0092376 , ..., -0.02294148,
        0.0034443 ,  0.02384205], shape=(1024,), dtype=float32), array([-0.00279814, -0.05459491,  0.0049556 , ..., -0.03352772,
       -0.01450016,  0.00562538], shape=(1024,), dtype=float32)] (len=3)
<DEBUG-kmeans_improvement> - best_center_index: [np.int64(35), np.int64(3), np.int64(9)]
<INFO-kmeans_improvement> - --------------------------------------------------
<INFO-kmeans_improvement> - --------------------------------------------------
<DEBUG-kmeans_improvement> - distances: [[0.         0.53701501 0.51107413]
 [0.53701501 0.         0.51228305]
 [0.51107413 0.51228305 0.        ]]
<DEBUG-kmeans_improvement> - avg_silhouette: 0.29462796449661255
<DEBUG-kmeans_improvement> - best_avg_silhouette: 0.2466280609369278
<INFO-kmeans_improvement> - Cập nhật cụm và tâm cụm tốt nhất thành công
<DEBUG-kmeans_improvement> - best_clusters: [1 1 1 1 1 1 0 0 0 0 0 0 0 0 0 0 0 0 0 0 0 0 0 0 0 0 0 0 0 0 0 0 0 0 0 0 0
 0 0 0 0]
<DEBUG-kmeans_improvement> - best_centers: [array([-0.0026475 , -0.0666731 , -0.00549847, ..., -0.0263394 ,
        0.01210354,  0.02105064], shape=(1024,), dtype=float32), array([-0.00432776, -0.10380885,  0.0092376 , ..., -0.02294148,
        0.0034443 ,  0.02384205], shape=(1024,), dtype=float32)] (len=2)
<DEBUG-kmeans_improvement> - best_center_index: [np.int64(15), np.int64(3)]
<INFO-kmeans_improvement> - --------------------------------------------------
<INFO-kmeans_improvement> - Phân cụm và tâm cụm tốt nhất thành công
<DEBUG-kmeans_improvement> - best_k: 2
<DEBUG-kmeans_improvement> - best_clusters: [1 1 1 1 1 1 0 0 0 0 0 0 0 0 0 0 0 0 0 0 0 0 0 0 0 0 0 0 0 0 0 0 0 0 0 0 0
 0 0 0 0]
<DEBUG-kmeans_improvement> - best_centers: [array([-0.0026475 , -0.0666731 , -0.00549847, ..., -0.0263394 ,
        0.01210354,  0.02105064], shape=(1024,), dtype=float32), array([-0.00432776, -0.10380885,  0.0092376 , ..., -0.02294148,
        0.0034443 ,  0.02384205], shape=(1024,), dtype=float32)] (len=2)
<DEBUG-kmeans_improvement> - best_center_index: [np.int64(15), np.int64(3)]
<DEBUG-keyframe_extraction> - indices: [np.int64(15), np.int64(3)]
<DEBUG-keyframe_extraction> - clustering: [np.int64(600), np.int64(603)]
<DEBUG-keyframe_extraction> - segment start-end: 605, 646
<DEBUG-keyframe_extraction> - filtered indices: [np.int64(620)]
<INFO-keyframe_extraction> -  ####################################################################################################
            Extract Keyframe On Shot 3 ||| start: 647, end: 695
        
<INFO-kmeans_improvement> - Khởi tạo biến ban đầu thành công
<DEBUG-kmeans_improvement> - k: 6
<DEBUG-init_center> - 🔹 In the process of initialising the center
<INFO-init_center> - Khởi tạo cụm và tâm cụm ban đầu thành công
<DEBUG-init_center> - Các cụm ban đầu [0 0 0 0 0 0 0 2 2 2 2 2 2 2 2 2 2 2 3 3 3 3 3 3 0 0 0 0 0 0 5 5 5 1 1 1 1
 1 1 1 1 4 4 4 4 4 4 4]
<DEBUG-init_center> - Các tâm ban đầu [[ 0.02642794 -0.12823303  0.009152   ... -0.02218152  0.01510162
   0.01570723]
 [ 0.02116355 -0.12903383  0.00903079 ... -0.02373261  0.03530795
   0.01512999]
 [ 0.02876614 -0.13499688  0.01712084 ... -0.01571041  0.00679582
   0.00518968]
 [ 0.02583461 -0.13957873  0.02067175 ... -0.0136474   0.02456987
   0.00348348]
 [ 0.00477824 -0.10494345  0.02470897 ... -0.03115798  0.03406294
  -0.00303222]
 [ 0.00362124 -0.0917123   0.01668484 ... -0.0260223   0.02612545
   0.0235366 ]]
<INFO-kmeans_improvement> - Cập nhật cụm và tâm cụm tốt nhất thành công
<DEBUG-kmeans_improvement> - best_clusters: [0 0 0 0 0 0 0 2 2 2 2 2 2 2 2 2 2 2 3 3 3 3 3 3 0 0 0 0 0 0 5 5 5 1 1 1 1
 1 1 1 1 4 4 4 4 4 4 4]
<DEBUG-kmeans_improvement> - best_centers: [[ 0.02642794 -0.12823303  0.009152   ... -0.02218152  0.01510162
   0.01570723]
 [ 0.02116355 -0.12903383  0.00903079 ... -0.02373261  0.03530795
   0.01512999]
 [ 0.02876614 -0.13499688  0.01712084 ... -0.01571041  0.00679582
   0.00518968]
 [ 0.02583461 -0.13957873  0.02067175 ... -0.0136474   0.02456987
   0.00348348]
 [ 0.00477824 -0.10494345  0.02470897 ... -0.03115798  0.03406294
  -0.00303222]
 [ 0.00362124 -0.0917123   0.01668484 ... -0.0260223   0.02612545
   0.0235366 ]] (len=6)
<DEBUG-kmeans_improvement> - best_center_index: [np.int64(2), np.int64(34), np.int64(14), np.int64(19), np.int64(44), np.int64(31)]
<INFO-kmeans_improvement> - --------------------------------------------------
<DEBUG-kmeans_improvement> - distances: [[0.         0.52913191 0.38131893 0.47750966 0.53880319 0.50426091]
 [0.52913191 0.         0.59439234 0.58187745 0.3702136  0.39539279]
 [0.38131893 0.59439234 0.         0.36947117 0.56576467 0.6117714 ]
 [0.47750966 0.58187745 0.36947117 0.         0.56626877 0.64435095]
 [0.53880319 0.3702136  0.56576467 0.56626877 0.         0.50080756]
 [0.50426091 0.39539279 0.6117714  0.64435095 0.50080756 0.        ]]
<DEBUG-kmeans_improvement> - avg_silhouette: 0.18260671198368073
<DEBUG-kmeans_improvement> - best_avg_silhouette: -1
<INFO-kmeans_improvement> - Cập nhật cụm và tâm cụm tốt nhất thành công
<DEBUG-kmeans_improvement> - best_clusters: [0 0 0 0 0 0 0 2 2 2 2 2 2 2 2 2 2 2 2 2 2 2 2 2 0 0 0 0 0 0 4 4 4 1 1 1 1
 1 1 1 1 3 3 3 3 3 3 3]
<DEBUG-kmeans_improvement> - best_centers: [array([ 0.02642794, -0.12823303,  0.009152  , ..., -0.02218152,
        0.01510162,  0.01570723], shape=(1024,), dtype=float32), array([ 0.0126588 , -0.12355891,  0.02038392, ..., -0.02764915,
        0.0209734 ,  0.00657605], shape=(1024,), dtype=float32), array([ 0.02876614, -0.13499688,  0.01712084, ..., -0.01571041,
        0.00679582,  0.00518968], shape=(1024,), dtype=float32), array([ 0.00477824, -0.10494345,  0.02470897, ..., -0.03115798,
        0.03406294, -0.00303222], shape=(1024,), dtype=float32), array([ 0.00362124, -0.0917123 ,  0.01668484, ..., -0.0260223 ,
        0.02612545,  0.0235366 ], shape=(1024,), dtype=float32)] (len=5)
<DEBUG-kmeans_improvement> - best_center_index: [np.int64(2), np.int64(39), np.int64(14), np.int64(44), np.int64(31)]
<INFO-kmeans_improvement> - --------------------------------------------------
<INFO-kmeans_improvement> - --------------------------------------------------
<DEBUG-kmeans_improvement> - distances: [[0.         0.45737755 0.38131893 0.53880319 0.50426091]
 [0.45737755 0.         0.55277086 0.39552055 0.43561106]
 [0.38131893 0.55277086 0.         0.56576467 0.6117714 ]
 [0.53880319 0.39552055 0.56576467 0.         0.50080756]
 [0.50426091 0.43561106 0.6117714  0.50080756 0.        ]]
<DEBUG-kmeans_improvement> - avg_silhouette: 0.2523966133594513
<DEBUG-kmeans_improvement> - best_avg_silhouette: 0.18260671198368073
<INFO-kmeans_improvement> - Cập nhật cụm và tâm cụm tốt nhất thành công
<DEBUG-kmeans_improvement> - best_clusters: [0 0 0 0 0 0 0 0 0 0 0 0 0 0 0 0 0 0 0 0 0 0 0 0 0 0 0 0 0 0 3 3 3 1 1 1 1
 1 1 1 1 2 2 2 2 2 2 2]
<DEBUG-kmeans_improvement> - best_centers: [array([ 0.02876614, -0.13499688,  0.01712084, ..., -0.01571041,
        0.00679582,  0.00518968], shape=(1024,), dtype=float32), array([ 0.0126588 , -0.12355891,  0.02038392, ..., -0.02764915,
        0.0209734 ,  0.00657605], shape=(1024,), dtype=float32), array([ 0.00477824, -0.10494345,  0.02470897, ..., -0.03115798,
        0.03406294, -0.00303222], shape=(1024,), dtype=float32), array([ 0.00362124, -0.0917123 ,  0.01668484, ..., -0.0260223 ,
        0.02612545,  0.0235366 ], shape=(1024,), dtype=float32)] (len=4)
<DEBUG-kmeans_improvement> - best_center_index: [np.int64(14), np.int64(39), np.int64(44), np.int64(31)]
<INFO-kmeans_improvement> - --------------------------------------------------
<INFO-kmeans_improvement> - --------------------------------------------------
<DEBUG-kmeans_improvement> - distances: [[0.         0.55277086 0.56576467 0.6117714 ]
 [0.55277086 0.         0.39552055 0.43561106]
 [0.56576467 0.39552055 0.         0.50080756]
 [0.6117714  0.43561106 0.50080756 0.        ]]
<DEBUG-kmeans_improvement> - avg_silhouette: 0.25736185908317566
<DEBUG-kmeans_improvement> - best_avg_silhouette: 0.2523966133594513
<INFO-kmeans_improvement> - Cập nhật cụm và tâm cụm tốt nhất thành công
<DEBUG-kmeans_improvement> - best_clusters: [0 0 0 0 0 0 0 0 0 0 0 0 0 0 0 0 0 0 0 0 0 0 0 0 0 0 0 0 0 0 2 2 2 1 1 1 1
 1 1 1 1 1 1 1 1 1 1 1]
<DEBUG-kmeans_improvement> - best_centers: [array([ 0.02876614, -0.13499688,  0.01712084, ..., -0.01571041,
        0.00679582,  0.00518968], shape=(1024,), dtype=float32), array([ 0.0126588 , -0.12355891,  0.02038392, ..., -0.02764915,
        0.0209734 ,  0.00657605], shape=(1024,), dtype=float32), array([ 0.00362124, -0.0917123 ,  0.01668484, ..., -0.0260223 ,
        0.02612545,  0.0235366 ], shape=(1024,), dtype=float32)] (len=3)
<DEBUG-kmeans_improvement> - best_center_index: [np.int64(14), np.int64(39), np.int64(31)]
<INFO-kmeans_improvement> - --------------------------------------------------
<INFO-kmeans_improvement> - --------------------------------------------------
<DEBUG-kmeans_improvement> - distances: [[0.         0.55277086 0.6117714 ]
 [0.55277086 0.         0.43561106]
 [0.6117714  0.43561106 0.        ]]
<DEBUG-kmeans_improvement> - avg_silhouette: 0.2775026261806488
<DEBUG-kmeans_improvement> - best_avg_silhouette: 0.25736185908317566
<INFO-kmeans_improvement> - Cập nhật cụm và tâm cụm tốt nhất thành công
<DEBUG-kmeans_improvement> - best_clusters: [0 0 0 0 0 0 0 0 0 0 0 0 0 0 0 0 0 0 0 0 0 0 0 0 0 0 0 0 0 0 1 1 1 1 1 1 1
 1 1 1 1 1 1 1 1 1 1 1]
<DEBUG-kmeans_improvement> - best_centers: [array([ 0.02876614, -0.13499688,  0.01712084, ..., -0.01571041,
        0.00679582,  0.00518968], shape=(1024,), dtype=float32), array([ 0.02116355, -0.12903383,  0.00903079, ..., -0.02373261,
        0.03530795,  0.01512999], shape=(1024,), dtype=float32)] (len=2)
<DEBUG-kmeans_improvement> - best_center_index: [np.int64(14), np.int64(34)]
<INFO-kmeans_improvement> - --------------------------------------------------
<INFO-kmeans_improvement> - Phân cụm và tâm cụm tốt nhất thành công
<DEBUG-kmeans_improvement> - best_k: 2
<DEBUG-kmeans_improvement> - best_clusters: [0 0 0 0 0 0 0 0 0 0 0 0 0 0 0 0 0 0 0 0 0 0 0 0 0 0 0 0 0 0 1 1 1 1 1 1 1
 1 1 1 1 1 1 1 1 1 1 1]
<DEBUG-kmeans_improvement> - best_centers: [array([ 0.02876614, -0.13499688,  0.01712084, ..., -0.01571041,
        0.00679582,  0.00518968], shape=(1024,), dtype=float32), array([ 0.02116355, -0.12903383,  0.00903079, ..., -0.02373261,
        0.03530795,  0.01512999], shape=(1024,), dtype=float32)] (len=2)
<DEBUG-kmeans_improvement> - best_center_index: [np.int64(14), np.int64(34)]
<DEBUG-keyframe_extraction> - indices: [np.int64(14), np.int64(34)]
<DEBUG-keyframe_extraction> - clustering: [np.int64(600), np.int64(603), np.int64(620)]
<DEBUG-keyframe_extraction> - segment start-end: 647, 695
<DEBUG-keyframe_extraction> - filtered indices: [np.int64(661)]
<INFO-keyframe_extraction> -  ####################################################################################################
            Extract Keyframe On Shot 4 ||| start: 696, end: 796
        
<INFO-kmeans_improvement> - Khởi tạo biến ban đầu thành công
<DEBUG-kmeans_improvement> - k: 10
<DEBUG-init_center> - 🔹 In the process of initialising the center
